0.69295300000000115	-4.65868120989865186E-021
-3.80000000000262940E-005	2.20000000000018595E-005
2.09999999999862803E-005	-1.70000000000001117E-005
0.57005400000000039	2.10000000000000497E-005
-3.00000000001070928E-005	-9.00000000000228552E-006
1.80000000000225722E-005	7.00000000000008070E-005
1.2864649999999997	1.99999999999989742E-006
-9.00000000015461254E-006	1.99999999999737368E-006
1.69999999996870483E-005	1.19999999999989195E-005
0.22396199999999991	9.99999999999965353E-006
-1.00000000001084388E-006	-1.00000000000104202E-006
8.00000000000913574E-006	2.60000000000000187E-005
0.98949000000000142	2.99999999999991537E-006
-1.10000000002895901E-005	1.69999999999988072E-005
6.99999999991055830E-006	-1.50000000000035190E-005
-4.10000000000001767E-005	1.89999999999994691E-005
-0.71355600000000030	3.99999999999814820E-006
2.30000000000071185E-005	0.71358799999999967
0.0000000000000000	0.0000000000000000
-7.94620000000000049E-002	-3.00000000000136549E-006
-3.19999999999990092E-005	7.94709999999999028E-002
-8.00000000000772966E-006	-1.99999999999094979E-006
-1.76850000000000444E-002	-1.00000000000064603E-006
-1.19999999999993667E-005	1.76980000000000019E-002
4.00000000000135084E-006	1.00000000000094012E-005
-1.92910000000000199E-002	-1.00000000000202923E-006
-1.79999999999992788E-005	1.92940000000000195E-002
-1.09999999999939604E-005	1.79999999999968563E-005
-2.19520000000000028E-002	1.60000000000079140E-005
1.99999999999285222E-006	2.19729999999999995E-002
-3.80000000000254673E-005	-2.20000000000018866E-005
1.2734640000000006	-1.95982248170963741E-019
2.89999999999452276E-005	-0.85443899999999895
1.09999999999828592E-005	-3.79999999999917486E-005
0.42066799999999910	-8.99999999999993755E-006
-3.19999999999814451E-005	-4.89440000000000708E-002
-7.99999999965218928E-006	-3.09999999999999336E-005
0.97121300000000010	-3.99999999999750700E-006
-2.99999999994657517E-006	-1.60739999999999911E-002
-1.19999999999276840E-005	-2.60000000000097630E-005
0.19590699999999991	-1.29999999999990725E-005
-1.80000000000011897E-005	-1.41440000000000073E-002
-2.00000000001119726E-005	-1.39999999999980381E-005
1.1288830000000023	2.00000000000266383E-006
-2.99999999993907765E-006	-1.44529999999999832E-002
0.71359700000000015	-2.10000000000078559E-005
-4.99999999998033823E-006	1.60000000000018594E-005
3.99999999999992613E-006	-2.49999999999990017E-005
7.94620000000000049E-002	1.00000000000288876E-006
0.0000000000000000	0.0000000000000000
3.19999999999990160E-005	1.89999999999998689E-005
2.06010000000000117E-002	7.99999999999913397E-006
6.00000000000342132E-006	4.67000000000000672E-004
-4.43000000000000631E-004	-9.71970306974309639E-020
-1.10000000000038588E-005	-1.00000000000013019E-006
3.99999999999830321E-006	-5.33000000000000379E-004
5.37000000000000910E-004	5.00000000000288964E-006
-3.41789999999999872E-002	-1.90000000000016002E-005
8.99999999999901598E-006	2.30000000000002135E-005
-3.39999999999927559E-005	-5.00000000000093299E-006
2.09999999999959771E-005	1.70000000000011586E-005
2.89999999999478128E-005	0.85443899999999928
1.2734339999999997	-1.12443623748008370E-019
3.90000000000031841E-005	4.19999999999953424E-005
3.89999999999868195E-005	4.89390000000000172E-002
0.42068800000000023	-1.80000000000000174E-005
2.59999999999670014E-005	1.09999999999954918E-005
6.00000000038083464E-006	1.60740000000000015E-002
0.97121499999999850	-1.10000000000004741E-005
2.29999999999613855E-005	2.50000000000080006E-005
9.99999999999880820E-006	1.41450000000000083E-002
0.19591799999999993	-1.19999999999992329E-005
8.99999999987567612E-006	9.99999999998082907E-007
-9.99999999983899002E-006	1.44579999999999830E-002
1.1288730000000009	9.99999999990542197E-007
1.19999999999908117E-005	-0.71359100000000020
-7.99999999999882565E-006	-1.29999999999964688E-005
-1.69999999999997017E-005	-1.80460369412528687E-018
3.19999999999990092E-005	-7.94709999999999028E-002
-3.19999999999990160E-005	-1.80000000000006035E-005
0.0000000000000000	0.0000000000000000
2.19999999999997860E-005	-2.06090000000000231E-002
-4.60999999999998303E-004	-1.00000000000009258E-005
-2.99999999999987641E-006	-4.59000000000000749E-004
1.60000000000002466E-005	9.00000000000140122E-006
5.11999999999999543E-004	-9.00000000000125384E-006
4.62691747437661560E-020	5.32999999999999078E-004
1.39999999999964202E-005	3.41769999999999921E-002
-2.80000000000005485E-005	-1.39999999999933116E-005
-7.99999999999996067E-006	-3.30000000000026520E-005
0.57005399999999895	-2.10000000000000497E-005
1.09999999999906637E-005	3.79999999999935172E-005
3.90000000000180580E-005	-4.19999999999975243E-005
0.69296799999999970	-3.34578014165448634E-020
-3.99999999998542492E-006	4.99999999999911357E-006
3.20000000000091939E-005	4.40000000000007917E-005
1.2864619999999993	-1.10000000000001285E-005
9.99999999645800634E-007	4.99999999999752961E-006
1.89999999992805279E-005	8.00000000000437541E-006
0.98949300000000007	-4.00000000000009045E-006
6.00000000017232223E-006	-1.99999999999749566E-006
1.29999999997238682E-005	1.60000000000010903E-005
0.22396999999999975	-1.40000000000003979E-005
-1.09999999999667181E-005	1.59999999999991963E-005
1.79999999999886163E-005	-3.09999999999989714E-005
0.0000000000000000	0.0000000000000000
-7.94540000000000940E-002	9.00000000000501297E-006
2.50000000000028303E-005	7.94859999999999733E-002
4.30000000000000084E-005	-1.89999999999994691E-005
-0.71359700000000015	2.10000000000078559E-005
-1.19999999999908117E-005	0.71359100000000020
1.50000000000030514E-005	-6.00000000000097085E-006
-1.76920000000000202E-002	7.00000000000089267E-006
2.00000000000212977E-006	1.77060000000000030E-002
7.99999999999608804E-006	-1.00000000000083407E-006
-2.19690000000000024E-002	-9.99999999996524367E-007
-2.00000000000056361E-005	2.19719999999999846E-002
1.69999999999985497E-005	1.00000000000006158E-005
-1.92939999999999848E-002	2.30000000000012841E-005
-1.00000000000087155E-006	1.92940000000000091E-002
-3.00000000000731505E-005	9.00000000000030685E-006
0.42066799999999982	8.99999999999996804E-006
3.90000000000006634E-005	-4.89389999999999825E-002
-3.99999999999000229E-006	-4.99999999999918980E-006
1.2734209999999997	-1.76924006857741983E-019
4.99999999994894719E-006	-0.85443599999999986
-3.39999999996405054E-005	-1.09999999999983429E-005
0.97120799999999907	9.99999999999695828E-006
1.00000000000739519E-005	-1.60549999999999964E-002
-1.20000000001512550E-005	-1.09999999999990815E-005
1.1288740000000008	3.99999999999833625E-006
-6.00000000014476486E-006	-1.44700000000000106E-002
-1.39999999999452696E-005	1.00000000000783353E-006
0.19590499999999972	1.09999999999983124E-005
1.99999999999943536E-005	-1.41510000000000073E-002
7.94530000000000930E-002	-9.00000000000501297E-006
0.0000000000000000	0.0000000000000000
1.20000000000015792E-005	-4.19999999999996385E-005
0.71355600000000030	-3.99999999999814820E-006
4.99999999998033823E-006	-1.60000000000018594E-005
7.99999999999882565E-006	1.29999999999964688E-005
2.05760000000000075E-002	1.10000000000002233E-005
2.99999999999766142E-006	4.54999999999999892E-004
-4.52999999999999356E-004	1.30000000000018051E-005
-3.41919999999999794E-002	6.00000000000004504E-006
-1.00000000000748773E-006	2.10000000000003038E-005
-2.99999999999976494E-005	1.00000000000023674E-005
-2.00000000000017736E-005	-9.99999999999995169E-006
-8.00000000000135320E-006	-5.30000000000000198E-004
5.35000000000003897E-004	-4.99999999999817166E-006
1.80000000000387302E-005	-7.00000000000029483E-005
-3.19999999999816281E-005	4.89440000000000083E-002
0.42068800000000012	1.80000000000000242E-005
3.20000000000073711E-005	-4.40000000000010627E-005
4.99999999997849424E-006	0.85443599999999909
1.2734299999999983	6.18651688850859610E-019
3.70000000002950570E-005	-5.59999999999978375E-005
-5.99999999980143022E-006	1.60569999999999914E-002
0.97121200000000030	4.00000000000320753E-006
2.40000000003069891E-005	-8.99999999999911084E-006
9.99999999969365611E-006	1.44580000000000038E-002
1.1288660000000015	-3.04794218157619298E-018
1.40000000000337676E-005	-2.70000000000000058E-005
-1.49999999999960566E-005	1.41419999999999966E-002
0.19590499999999988	1.70000000000011383E-005
-2.50000000000028303E-005	-7.94859999999999733E-002
-1.30000000000025793E-005	3.99999999999996441E-005
0.0000000000000000	0.0000000000000000
-2.30000000000071185E-005	-0.71358799999999967
-2.99999999999992893E-006	2.69999999999988335E-005
1.69999999999997017E-005	1.00000000000280469E-006
-3.99999999999647362E-006	-2.06029999999999824E-002
-4.70000000000007575E-004	4.99999999999776763E-006
3.00000000000040835E-006	-4.59000000000000315E-004
-5.00000000000240937E-006	3.41629999999999781E-002
-3.49999999999985062E-005	9.00000000000141647E-006
3.99999999999970675E-006	-3.70000000000019090E-005
-9.00000000000073884E-006	-4.99999999999935243E-006
5.45999999999999394E-004	2.99999999999499072E-006
-9.00000000000010018E-006	5.31999999999998078E-004
1.2864650000000000	-1.99999999999993469E-006
-7.99999999967110860E-006	3.10000000000009297E-005
2.60000000001481817E-005	-1.09999999999927847E-005
1.2864619999999998	1.09999999999998100E-005
-3.39999999996424366E-005	1.10000000000031947E-005
3.70000000002888973E-005	5.60000000000023641E-005
-0.91328600000000060	4.87043944671222695E-021
-1.00000000004522601E-006	-4.00000000000052921E-006
1.20000000000349709E-005	1.39999999999986699E-005
-0.19126399999999999	7.99999999999997423E-006
-2.00000000000459040E-006	-2.00000000000020531E-006
1.30000000000056726E-005	8.00000000000091274E-006
-0.19124900000000011	3.00000000000009029E-006
-8.99999999998430810E-006	1.29999999999999467E-005
-3.99999999999142530E-006	-1.99999999999961968E-005
-1.50000000000063057E-005	6.00000000000003573E-006
-2.05760000000000075E-002	-1.09999999999974518E-005
4.00000000000040639E-006	2.06029999999999894E-002
8.00000000000651671E-006	2.99999999999660474E-006
-2.06009999999999943E-002	-7.99999999999973198E-006
-2.19999999999971060E-005	2.06090000000000058E-002
0.0000000000000000	0.0000000000000000
-0.12007699999999989	3.99999999999929763E-006
1.99999999999805597E-006	0.12009900000000015
6.00000000000068286E-006	7.99999999999841569E-006
-9.75600000000000599E-003	6.00000000000258106E-006
-1.69999999999984549E-005	9.77000000000000438E-003
-9.99999999999997202E-007	3.99999999999932643E-006
-9.75800000000000625E-003	-4.79950043737967930E-019
1.40000000000017548E-005	9.76099999999999537E-003
-9.00000000011743626E-006	-1.99999999999680787E-006
0.97121300000000055	3.99999999999700725E-006
6.00000000041831246E-006	-1.60739999999999945E-002
9.99999999748364466E-007	-4.99999999999551029E-006
0.97120800000000007	-9.99999999999807975E-006
-5.99999999989204411E-006	-1.60569999999999984E-002
-1.00000000003904606E-006	4.00000000000059782E-006
-1.3766839999999989	4.76456032830543941E-021
1.84031672076389631E-017	-0.12788499999999992
-9.00000000003357492E-006	-3.00000000000050618E-006
0.16321199999999991	6.00000000000000778E-006
-8.99999999999110130E-006	-7.12000000000000046E-003
-1.99999999996801171E-006	-7.99999999999908654E-006
0.16321400000000016	8.99999999999932091E-006
1.99999999995670806E-006	-7.09900000000000114E-003
1.76930000000000108E-002	-6.99999999999169304E-006
-2.99999999998517573E-006	-4.54999999999999784E-004
4.70000000000006600E-004	-4.99999999999744068E-006
1.76840000000000365E-002	1.00000000000014797E-006
-6.00000000001617171E-006	-4.67000000000000889E-004
4.60999999999998303E-004	9.99999999999257403E-006
0.12007699999999989	-2.99999999999938217E-006
0.0000000000000000	0.0000000000000000
-1.00000000000093868E-006	-4.00000000000144062E-006
7.27299999999999822E-003	-1.99999999999806190E-006
7.99999999999954393E-006	-1.42000000000000036E-004
1.53999999999999705E-004	7.00000000000011255E-006
7.28399999999999881E-003	6.99999999999998719E-006
4.99999999999983863E-006	-1.35000000000000652E-004
1.45000000000000435E-004	-5.99999999999894475E-006
1.69999999997785380E-005	-1.20000000000003239E-005
-2.99999999995830657E-006	1.60740000000000223E-002
0.97121499999999950	1.09999999999986885E-005
1.89999999993506182E-005	-8.00000000000433306E-006
1.00000000000705570E-005	1.60549999999999964E-002
0.97121199999999952	-4.00000000000194545E-006
1.20000000000328974E-005	-1.39999999999982617E-005
1.74180678899822118E-017	0.12788499999999997
-1.3766870000000020	4.65868120989865186E-021
1.30000000000021845E-005	-2.99999999999938047E-006
6.67299967385226282E-017	7.10499999999999760E-003
0.16321900000000014	-1.20000000000001053E-005
6.00000000002848333E-006	-1.39999999999999795E-005
-4.00000000000802800E-006	7.10900000000000334E-003
0.16321900000000028	2.99999999999985015E-006
-1.99999999999697473E-006	-1.77059999999999856E-002
4.52999999999996916E-004	-1.30000000000023895E-005
-3.00000000000047950E-006	4.58999999999995490E-004
1.30000000000021642E-005	-1.76979999999999915E-002
4.42999999999994722E-004	2.53929889674998563E-018
2.99999999999993909E-006	4.58999999999998743E-004
-2.99999999999818912E-006	-0.12009800000000014
1.00000000000093868E-006	4.00000000000144062E-006
0.0000000000000000	0.0000000000000000
1.00000000000040208E-006	-7.28799999999999934E-003
1.36000000000001571E-004	1.70000000000031000E-005
1.19999999999999766E-005	1.48999999999999854E-004
1.19999999999999461E-005	-7.29000000000000047E-003
1.47000000000001866E-004	2.99999999999870793E-006
6.00000000000000015E-006	1.46000000000000052E-004
0.22396199999999980	-9.99999999999978228E-006
-1.19999999999498712E-005	2.60000000000091972E-005
2.29999999999609179E-005	-2.50000000000091458E-005
0.98949300000000040	3.99999999999989733E-006
-1.20000000001442619E-005	1.09999999999968233E-005
2.40000000001688583E-005	8.99999999999876187E-006
-0.19126399999999993	-7.99999999999983023E-006
-9.00000000004418824E-006	3.00000000000032449E-006
1.29999999999953863E-005	2.99999999999917125E-006
-0.93883500000000042	-7.19978005166155288E-020
4.99999999996507470E-006	-5.99999999999921495E-006
3.99999999996264736E-006	4.99999999999998262E-006
1.1260580000000022	1.79994501291538822E-021
-1.20000000002165544E-005	-9.99999999998882507E-007
1.19999999999666221E-005	-3.99999999999560457E-006
-1.79999999999995498E-005	-1.00000000000006158E-005
2.00000000000017736E-005	9.99999999999995169E-006
9.00000000000073884E-006	4.99999999999935243E-006
1.09999999999939604E-005	-1.79999999999968563E-005
3.41789999999999872E-002	1.90000000000016002E-005
-1.39999999999964202E-005	-3.41779999999999931E-002
1.99999999999852311E-006	-3.99999999999861831E-006
-7.28399999999999621E-003	-7.00000000000073766E-006
-1.19999999999974389E-005	7.28999999999999874E-003
-2.99999999999689866E-006	-1.99999999999907453E-006
-0.12295299999999999	1.29999999999998095E-005
-1.50000000000006628E-005	0.12297700000000002
0.0000000000000000	0.0000000000000000
-6.16100000000000068E-003	-3.00000000000029696E-006
1.00000000000060749E-006	6.17499999999999993E-003
-1.00000000001760956E-006	1.00000000000118008E-006
0.19590699999999972	1.29999999999987354E-005
9.99999999999748005E-006	-1.41449999999999944E-002
6.00000000014244653E-006	1.99999999999640129E-006
1.1288739999999984	-3.99999999999809992E-006
9.99999999971476925E-006	-1.44579999999999934E-002
-2.00000000001581105E-006	1.99999999999971065E-006
0.16321200000000002	-5.99999999999998067E-006
6.88928953693364841E-017	-7.10499999999999153E-003
4.99999999997775309E-006	5.99999999999917684E-006
-0.79525399999999946	1.30760711232382615E-019
-1.09999999999626032E-005	-0.13267099999999993
-5.99999999967952524E-006	3.99999999999894187E-006
0.42594299999999941	9.00000000000001378E-006
1.79999999999069251E-005	-5.70799999999999953E-003
1.92939999999999848E-002	-2.30000000000012841E-005
8.00000000000135320E-006	5.30000000000000198E-004
-5.44999999999999478E-004	-2.99999999999499072E-006
2.19530000000000003E-002	-1.60000000000079140E-005
-9.99999999999904028E-006	-2.40000000000001971E-005
2.69999999999996568E-005	1.39999999999933116E-005
9.75799999999999758E-003	-2.46698345887814974E-019
-5.00000000000193419E-006	1.34999999999999839E-004
-1.47000000000001567E-004	-2.99999999999991114E-006
0.12296399999999999	5.00000000000003598E-006
-6.99999999999554620E-006	-4.00000000000014297E-006
-4.99999999999948118E-006	5.99999999999972571E-006
6.15999999999999968E-003	3.00000000000029696E-006
0.0000000000000000	0.0000000000000000
-7.00000000000054793E-006	2.00000000000155083E-006
8.00000000000587635E-006	-2.59999999999998493E-005
-1.79999999999926347E-005	1.41440000000000090E-002
0.19591799999999965	1.19999999999998478E-005
1.29999999996829006E-005	-1.60000000000008836E-005
-6.00000000021642469E-006	1.44699999999999915E-002
1.1288659999999979	2.42854933889648586E-018
1.30000000000067568E-005	-8.00000000000064847E-006
-8.99999999999302068E-006	7.11999999999999873E-003
0.16321900000000023	1.20000000000002476E-005
3.99999999997719261E-006	-4.99999999999936175E-006
-1.09999999999580801E-005	0.13267100000000015
-0.79522699999999924	1.69406589450860068E-021
-9.99999999767990219E-007	-1.30000000000038972E-005
-7.00000000013225477E-006	5.71199999999999312E-003
0.42594399999999999	1.50000000000000021E-005
1.00000000000087155E-006	-1.92940000000000091E-002
-5.35000000000003897E-004	4.99999999999817166E-006
9.00000000000010018E-006	-5.31999999999998078E-004
-1.99999999999285222E-006	-2.19729999999999995E-002
3.39999999999927559E-005	6.00000000000095730E-006
8.99999999999998498E-006	3.30000000000026520E-005
-1.60000000000014189E-005	-9.76100000000000058E-003
-1.45000000000000543E-004	6.00000000000119701E-006
-6.00000000000004928E-006	-1.46000000000000025E-004
-3.00000000000063366E-006	-0.12296800000000001
1.00000000000061892E-006	9.99999999999690576E-007
6.99999999999961873E-006	-1.00000000000003820E-005
-1.00000000000060749E-006	-6.17600000000000007E-003
7.00000000000054793E-006	-2.00000000000155083E-006
0.0000000000000000	0.0000000000000000
0.98949000000000009	-2.99999999999986032E-006
-2.00000000001109223E-005	1.39999999999964812E-005
8.99999999984604521E-006	-9.99999999997493372E-007
0.22396999999999989	1.40000000000003217E-005
-1.39999999999108851E-005	-1.00000000000669109E-006
1.40000000000268592E-005	2.70000000000008494E-005
-0.19124899999999995	-3.00000000000022793E-006
-1.99999999996001233E-006	7.99999999999915261E-006
6.00000000001171801E-006	1.39999999999997813E-005
1.1260580000000011	-2.43521972335611347E-021
-5.99999999973537181E-006	-3.99999999999878348E-006
-9.99999999773315939E-007	1.30000000000045630E-005
-0.93884499999999971	1.15937634655432359E-019
-1.09999999999845837E-005	-3.00000000000036430E-006
1.19999999999707658E-005	-3.00000000000075986E-006
-7.99999999999608804E-006	1.00000000000083407E-006
3.41919999999999794E-002	-6.00000000000004504E-006
5.00000000000230095E-006	-3.41629999999999781E-002
-3.00000000000035075E-006	-1.00000000000094012E-005
1.00000000000038582E-005	2.00000000000004607E-006
-1.40000000000001980E-005	-9.00000000000140122E-006
-6.00000000000013907E-006	-6.99999999999798650E-006
-7.27299999999999995E-003	1.99999999999820081E-006
-1.00000000000138718E-006	7.28799999999999674E-003
0.0000000000000000	0.0000000000000000
-6.16799999999999553E-003	-9.00000000000068632E-006
-1.20000000000021789E-005	6.16399999999999761E-003
2.99999999999613972E-006	1.99999999999907453E-006
-0.12296499999999999	-3.99999999999990326E-006
3.00000000000063366E-006	0.12296800000000001
-1.10000000003599650E-005	-1.69999999999986175E-005
1.1288830000000007	-2.00000000000222041E-006
-9.99999999988526851E-006	-1.44579999999999986E-002
-1.09999999999748157E-005	-1.59999999999994538E-005
0.19590499999999988	-1.09999999999991340E-005
-1.49999999999995345E-005	-1.41419999999999949E-002
-8.99999999998289863E-006	-1.30000000000005430E-005
0.16321399999999994	-8.99999999999951234E-006
-4.00000000002842624E-006	-7.10899999999999640E-003
-1.20000000002416097E-005	9.99999999998918929E-007
0.42594299999999974	-9.00000000000000192E-006
-7.00000000012195316E-006	-5.71199999999999573E-003
-1.10000000000305471E-005	3.00000000000045451E-006
-0.79526000000000041	-2.14934610365778711E-020
3.00000000004119637E-006	-0.13266500000000012
2.19690000000000024E-002	9.99999999996524367E-007
1.00000000000748773E-006	-2.10000000000003038E-005
3.39999999999992408E-005	-9.00000000000141647E-006
1.92910000000000199E-002	1.00000000000202923E-006
-3.99999999999830321E-006	5.33000000000000379E-004
-5.11999999999999543E-004	8.00000000000025375E-006
9.75600000000000252E-003	-5.99999999999969776E-006
-8.00000000000020123E-006	1.42000000000000335E-004
-1.36000000000000920E-004	-1.70000000000008300E-005
6.16799999999999553E-003	9.00000000000068632E-006
0.0000000000000000	0.0000000000000000
-4.00000000000016668E-006	-5.00000000000043240E-006
0.12295299999999999	-1.29999999999998095E-005
6.99999999999554620E-006	4.00000000000014297E-006
-1.00000000000061892E-006	-9.99999999999690576E-007
6.99999999983473276E-006	1.50000000000032987E-005
-2.99999999999458881E-006	1.44529999999999954E-002
1.1288730000000009	-9.99999999991862933E-007
1.79999999999903409E-005	3.09999999999990866E-005
1.99999999999939741E-005	1.41510000000000073E-002
0.19590500000000000	-1.70000000000011044E-005
-3.99999999999132874E-006	1.99999999999967185E-005
1.99999999997071078E-006	7.09900000000000721E-003
0.16321899999999995	-2.99999999999980865E-006
1.19999999999290410E-005	3.99999999999493964E-006
1.79999999998946465E-005	5.70799999999999780E-003
0.42594399999999960	-1.49999999999999987E-005
1.19999999999801492E-005	3.00000000000024826E-006
3.00000000002437853E-006	0.13266500000000012
-0.79522799999999982	6.14098886759367746E-021
2.00000000000056361E-005	-2.19709999999999836E-002
3.09999999999976500E-005	-1.00000000000023674E-005
-3.99999999999970675E-006	3.60000000000027521E-005
1.89999999999989101E-005	-1.92930000000000185E-002
-5.37000000000000910E-004	-5.00000000000288964E-006
-4.62691747437661560E-020	-5.32999999999999728E-004
1.79999999999966733E-005	-9.77100000000000884E-003
-1.53000000000000195E-004	-7.00000000000095620E-006
-1.20000000000000172E-005	-1.49999999999999743E-004
1.20000000000021789E-005	-6.16299999999999747E-003
4.00000000000016668E-006	6.00000000000056512E-006
0.0000000000000000	0.0000000000000000
1.50000000000006628E-005	-0.12297700000000002
5.99999999999964101E-006	-5.99999999999972571E-006
-6.99999999999961873E-006	1.20000000000006474E-005
-4.10000000000009559E-005	-1.89999999999998249E-005
0.71359699999999993	2.10000000000058163E-005
1.19999999999906236E-005	0.71359100000000042
0.0000000000000000	0.0000000000000000
7.94529999999998571E-002	9.00000000000579902E-006
-2.50000000000038095E-005	7.94859999999999872E-002
-1.50000000000089705E-005	-6.00000000000190767E-006
1.76930000000000351E-002	6.99999999998880127E-006
-1.99999999999910417E-006	1.77059999999999718E-002
-1.79999999999960262E-005	1.00000000000034821E-005
1.92939999999999744E-002	2.30000000000005794E-005
1.00000000000083365E-006	1.92939999999999882E-002
-7.99999999999561540E-006	-1.00000000000143250E-006
2.19689999999999989E-002	-9.99999999992776246E-007
2.00000000000056327E-005	2.19710000000000044E-002
0.69296799999999970	-1.31290106824416553E-020
-3.99999999998393076E-006	-4.99999999999918980E-006
3.20000000000073711E-005	-4.50000000000001655E-005
0.57005300000000048	2.10000000000000497E-005
1.19999999999838592E-005	-3.69999999999920496E-005
3.80000000000027262E-005	4.19999999999953424E-005
1.2864630000000015	1.09999999999998151E-005
9.99999999706800559E-007	-4.99999999999614726E-006
1.79999999993460538E-005	-7.00000000000331179E-006
0.22396999999999989	1.30000000000005142E-005
-1.09999999999748157E-005	-1.59999999999994538E-005
1.79999999999903409E-005	3.09999999999990866E-005
0.98949400000000054	3.99999999999989733E-006
6.00000000014244653E-006	2.99999999999740138E-006
1.29999999996829006E-005	-1.70000000000001489E-005
-0.71355600000000086	-3.99999999999678194E-006
-4.99999999998034247E-006	-1.60000000000014121E-005
-8.00000000000033506E-006	1.29999999999961909E-005
-7.94539999999998581E-002	-9.00000000000579902E-006
0.0000000000000000	0.0000000000000000
-1.30000000000029265E-005	-3.99999999999991427E-005
-2.05760000000000248E-002	1.09999999999971706E-005
-2.99999999998206119E-006	4.55000000000000380E-004
4.52999999999995290E-004	1.30000000000019592E-005
2.00000000000043723E-005	-9.99999999999935538E-006
8.00000000000045534E-006	-5.30000000000000306E-004
-5.35000000000001512E-004	-4.99999999999886962E-006
3.41919999999999724E-002	6.00000000000019666E-006
1.00000000000799616E-006	2.10000000000001682E-005
3.09999999999985445E-005	1.00000000000025639E-005
-3.99999999998369020E-006	4.99999999999911357E-006
1.2734209999999997	-1.76924006857741983E-019
6.99999999997962706E-006	0.85443499999999906
-3.00000000001070928E-005	-8.00000000000128543E-006
0.42066799999999910	-7.99999999999993357E-006
3.79999999999866867E-005	4.89380000000000162E-002
-3.39999999995651669E-005	1.09999999999980143E-005
0.97120800000000029	-9.99999999999481698E-006
1.00000000002170039E-005	1.60550000000000102E-002
-1.39999999999108851E-005	-2.00000000000671561E-006
0.19590499999999988	-1.09999999999991340E-005
2.09999999999949742E-005	1.41510000000000073E-002
-1.20000000001442619E-005	1.09999999999968233E-005
1.1288739999999984	-3.99999999999809992E-006
-6.00000000021642469E-006	1.44699999999999915E-002
2.30000000000032289E-005	-0.71358799999999989
4.00000000000014381E-006	2.49999999999979107E-005
-1.70000000000001049E-005	3.46521178721734269E-018
2.50000000000038095E-005	-7.94859999999999872E-002
1.20000000000018722E-005	4.19999999999976734E-005
0.0000000000000000	0.0000000000000000
4.00000000000063848E-006	-2.06029999999999824E-002
4.70000000000007304E-004	4.99999999999968447E-006
-3.00000000000040623E-006	-4.58999999999997116E-004
9.00000000000038478E-006	-4.99999999999962687E-006
-5.44999999999998502E-004	2.99999999999606434E-006
8.99999999999981219E-006	5.31999999999998511E-004
5.00000000000263638E-006	3.41629999999999365E-002
3.39999999999991527E-005	9.00000000000302075E-006
-3.99999999999974910E-006	-3.60000000000047782E-005
3.20000000000091939E-005	4.50000000000005043E-005
6.99999999995094737E-006	-0.85443499999999983
1.2734279999999985	4.56021362978033945E-019
1.80000000000225722E-005	7.00000000000008070E-005
-3.19999999999814451E-005	-4.89440000000000708E-002
0.42068900000000020	-1.80000000000000174E-005
3.70000000004187712E-005	5.39999999999983920E-005
-5.99999999982825067E-006	-1.60559999999999904E-002
0.97121199999999941	-4.00000000000472372E-006
1.50000000000269919E-005	2.70000000000000905E-005
-1.49999999999995345E-005	-1.41419999999999949E-002
0.19590700000000000	-1.70000000000011044E-005
2.40000000001688583E-005	8.99999999999876187E-006
9.99999999971476925E-006	-1.44579999999999934E-002
1.1288659999999979	2.00000000000341218E-006
0.0000000000000000	0.0000000000000000
7.94620000000000187E-002	-1.00000000000024326E-006
3.20000000000003306E-005	7.94710000000000277E-002
4.30000000000007877E-005	1.89999999999998249E-005
0.71355600000000086	3.99999999999678194E-006
-2.30000000000032289E-005	0.71358799999999989
8.00000000000648622E-006	-2.99999999999492296E-006
1.76840000000000122E-002	-9.99999999998782980E-007
1.29999999999971718E-005	1.76980000000000158E-002
1.09999999999997066E-005	1.79999999999962024E-005
2.19530000000000107E-002	1.60000000000040921E-005
-1.99999999999265486E-006	2.19730000000000203E-002
-3.00000000000199399E-006	1.00000000000076936E-005
1.92909999999999991E-002	-1.00000000000146215E-006
1.90000000000007058E-005	1.92929999999999942E-002
0.57005299999999903	-2.10000000000000497E-005
-3.00000000000731505E-005	8.00000000000028085E-006
1.80000000000387302E-005	-7.00000000000029483E-005
0.69295300000000115	-4.65868120989865186E-021
-3.80000000000254673E-005	-2.20000000000018866E-005
2.09999999999959771E-005	1.60000000000012427E-005
1.2864629999999999	-3.00000000000005090E-006
-1.00000000000011663E-005	-3.00000000000046001E-006
1.69999999996197939E-005	-1.20000000000012912E-005
0.98949000000000009	-3.99999999999983041E-006
-1.10000000003599650E-005	-1.69999999999986175E-005
6.99999999983473276E-006	1.50000000000032987E-005
0.22396099999999980	-9.99999999999978228E-006
-1.00000000001760956E-006	2.00000000000117644E-006
6.00000000000661124E-006	-2.59999999999998493E-005
-7.94620000000000187E-002	3.00000000000224344E-006
0.0000000000000000	0.0000000000000000
-3.19999999999989279E-005	1.80000000000009525E-005
-0.71359699999999993	-2.10000000000058163E-005
4.99999999998034247E-006	1.60000000000014121E-005
-2.99999999999914373E-006	-2.69999999999984100E-005
-2.06009999999999839E-002	7.99999999999914244E-006
-6.00000000001017217E-006	4.66999999999999534E-004
4.42999999999994397E-004	-3.42677766723567881E-018
3.41790000000000219E-002	-1.90000000000018781E-005
-9.99999999999986360E-006	2.40000000000004207E-005
3.39999999999960831E-005	-6.00000000000199915E-006
1.00000000000039683E-005	-2.00000000000086092E-006
-3.99999999999838876E-006	-5.33000000000000162E-004
-5.37000000000001886E-004	5.00000000000336313E-006
1.19999999999916638E-005	3.69999999999925171E-005
0.42066799999999982	7.99999999999999794E-006
-3.19999999999816281E-005	4.89440000000000083E-002
-3.80000000000262940E-005	2.20000000000018595E-005
1.2734620000000010	-1.95982248170963741E-019
2.89999999999478128E-005	0.85443899999999928
-8.99999999981039360E-006	3.19999999999958311E-005
0.97121299999999988	4.00000000000205133E-006
-3.00000000020379366E-006	1.60740000000000154E-002
-2.00000000001109223E-005	1.29999999999972158E-005
1.1288830000000007	-2.00000000000222041E-006
-2.99999999999458881E-006	1.44539999999999964E-002
-1.19999999999498712E-005	2.50000000000081971E-005
0.19590799999999969	1.29999999999987354E-005
-1.79999999999926347E-005	1.41430000000000080E-002
-3.20000000000003306E-005	-7.94710000000000277E-002
3.19999999999989279E-005	-1.90000000000006516E-005
0.0000000000000000	0.0000000000000000
-1.19999999999906236E-005	-0.71359100000000042
8.00000000000033506E-006	-1.29999999999961909E-005
1.70000000000001862E-005	-1.00000000000359794E-006
-2.19999999999975024E-005	-2.06089999999999954E-002
4.60999999999996460E-004	-9.99999999999122047E-006
2.99999999999990436E-006	-4.59000000000001670E-004
-1.39999999999974909E-005	3.41779999999999792E-002
2.69999999999994332E-005	-1.39999999999946516E-005
8.99999999999956146E-006	-3.30000000000043326E-005
-1.40000000000003928E-005	9.00000000000331890E-006
-5.11999999999998784E-004	-8.00000000000109231E-006
-9.16913165402780117E-020	5.32999999999997343E-004
3.80000000000174916E-005	-4.19999999999975243E-005
3.79999999999996633E-005	-4.89379999999999815E-002
0.42068900000000015	1.80000000000000242E-005
2.09999999999862803E-005	-1.59999999999999789E-005
2.89999999999452276E-005	-0.85443899999999895
1.2734339999999997	-1.12443623748008370E-019
2.50000000001393415E-005	-1.10000000000010060E-005
6.00000000016560441E-006	-1.60739999999999876E-002
0.97121499999999983	1.09999999999978127E-005
1.19999999996790426E-005	-9.99999999997493372E-007
-8.99999999985651285E-006	-1.44579999999999986E-002
1.1288730000000009	-9.99999999991862933E-007
2.29999999999609179E-005	-2.40000000000090130E-005
1.09999999999984801E-005	-1.41459999999999954E-002
0.19591799999999965	1.29999999999995452E-005
-8.00000000000832767E-006	1.99999999999245962E-006
2.06009999999999908E-002	-7.99999999999896287E-006
2.20000000000010125E-005	2.06089999999999815E-002
1.50000000000022992E-005	6.00000000000161629E-006
2.05760000000000214E-002	-1.09999999999996287E-005
-3.99999999999732658E-006	2.06029999999999755E-002
0.0000000000000000	0.0000000000000000
0.12007699999999988	2.99999999999880661E-006
-2.99999999999842883E-006	0.12009800000000015
1.99999999999875519E-006	3.99999999999894018E-006
9.75799999999999931E-003	8.10504651403958637E-019
-1.60000000000010056E-005	9.76100000000000752E-003
-6.00000000000092342E-006	6.99999999999841679E-006
9.75599999999999211E-003	6.00000000000015177E-006
1.79999999999969749E-005	9.77099999999999844E-003
1.2864629999999999	-1.09999999999999743E-005
-3.39999999995784280E-005	-1.09999999999964659E-005
3.70000000004688004E-005	-5.39999999999975246E-005
1.2864629999999995	2.99999999999995222E-006
-8.99999999976262263E-006	-3.19999999999936289E-005
2.50000000001176337E-005	1.10000000000018022E-005
-0.91328600000000060	4.87043944671222695E-021
-1.00000000003904606E-006	4.00000000000059782E-006
1.30000000000338975E-005	-1.29999999999981171E-005
-0.19124899999999995	-3.00000000000029103E-006
-9.00000000000055927E-006	-1.29999999999997197E-005
-3.99999999999347851E-006	2.09999999999964650E-005
-0.19126399999999991	-9.00000000000016116E-006
-1.99999999999358194E-006	1.99999999999957724E-006
1.40000000000089716E-005	-7.99999999999932371E-006
-1.76850000000000063E-002	1.00000000000159047E-006
6.00000000000746590E-006	-4.66999999999999154E-004
-4.60999999999999279E-004	9.99999999999894711E-006
-1.76920000000000306E-002	-6.99999999999983303E-006
2.99999999999421145E-006	-4.54999999999999296E-004
-4.70000000000002425E-004	-4.99999999999628109E-006
-0.12007699999999988	-3.99999999999893933E-006
0.0000000000000000	0.0000000000000000
1.00000000000144436E-006	-4.00000000000052159E-006
-7.28400000000000054E-003	6.99999999999996178E-006
-5.00000000000199856E-006	-1.34999999999999460E-004
-1.45000000000000299E-004	-6.00000000000021953E-006
-7.27299999999999128E-003	-1.99999999999916262E-006
-8.00000000000020462E-006	-1.42000000000000714E-004
-1.52999999999999653E-004	6.99999999999989740E-006
9.99999999729467161E-007	4.99999999999729499E-006
0.97120799999999918	9.99999999999851173E-006
-5.99999999983211483E-006	1.60560000000000112E-002
-9.99999999993572965E-006	3.00000000000008478E-006
0.97121300000000033	-4.00000000000318890E-006
6.00000000019355057E-006	1.60740000000000015E-002
-1.00000000004522601E-006	-4.00000000000052921E-006
-1.3766839999999989	4.76456032830543941E-021
1.65507061519938083E-017	0.12788499999999997
-1.99999999998016833E-006	7.99999999999948125E-006
0.16321399999999980	-8.99999999999982235E-006
1.99999999998587902E-006	7.09900000000000461E-003
-8.99999999999280045E-006	2.99999999999972479E-006
0.16321200000000019	-5.99999999999982397E-006
-8.99999999999625126E-006	7.12099999999999279E-003
-1.20000000000006847E-005	-1.76980000000000158E-002
-4.43000000000001444E-004	-5.35748339138344964E-020
-2.99999999999991453E-006	4.59000000000004001E-004
2.00000000000071438E-006	-1.77059999999999787E-002
-4.52999999999998814E-004	-1.30000000000023811E-005
3.00000000000036726E-006	4.59000000000003459E-004
1.99999999999829695E-006	-0.12009900000000014
-1.00000000000144436E-006	4.00000000000052159E-006
0.0000000000000000	0.0000000000000000
-1.19999999999988128E-005	-7.29000000000000481E-003
-1.47000000000001567E-004	3.00000000000004073E-006
-6.00000000000029492E-006	1.46000000000000378E-004
-1.00000000000148290E-006	-7.28799999999999934E-003
-1.36000000000000460E-004	1.70000000000006944E-005
-1.20000000000000986E-005	1.49999999999999092E-004
1.79999999992556381E-005	7.00000000000308902E-006
1.00000000002048354E-005	-1.60550000000000033E-002
0.97121200000000019	4.00000000000397918E-006
1.69999999997711180E-005	1.20000000000019603E-005
-3.00000000014403930E-006	-1.60739999999999911E-002
0.97121499999999861	-1.10000000000002623E-005
1.30000000000359710E-005	1.29999999999986660E-005
1.92705289456273667E-017	-0.12788499999999992
-1.3766870000000020	4.65868120989865186E-021
6.00000000001682731E-006	1.20000000000001121E-005
-4.99999999996437505E-006	-7.10899999999999380E-003
0.16322000000000014	-2.99999999999975740E-006
1.40000000000012585E-005	2.99999999999794772E-006
1.00000000002974288E-006	-7.10599999999999166E-003
0.16321900000000006	1.19999999999990703E-005
4.00000000000300763E-006	-1.00000000000076936E-005
-1.10000000000049684E-005	1.00000000000072734E-006
1.60000000000004431E-005	-9.00000000000331890E-006
7.99999999999561540E-006	1.00000000000143250E-006
-3.41919999999999724E-002	-6.00000000000019666E-006
-5.00000000000263638E-006	-3.41629999999999365E-002
6.00000000000079128E-006	-7.99999999999812600E-006
7.27299999999999301E-003	1.99999999999833676E-006
1.00000000000099162E-006	7.28799999999999847E-003
-2.99999999999734844E-006	2.00000000000248892E-006
0.12296400000000011	-4.99999999999993265E-006
-3.00000000000017287E-006	0.12296800000000002
0.0000000000000000	0.0000000000000000
6.16800000000000334E-003	-9.00000000000053386E-006
1.20000000000009439E-005	6.16299999999999314E-003
0.22396999999999975	-1.30000000000003736E-005
-1.39999999999452696E-005	2.00000000000883362E-006
1.50000000000347677E-005	-2.70000000000000058E-005
0.98949000000000142	3.99999999999987700E-006
-2.00000000001119726E-005	-1.29999999999970346E-005
1.19999999997112790E-005	9.99999999998082907E-007
-0.19124900000000020	3.00000000000009833E-006
-1.99999999998193397E-006	-7.99999999999964558E-006
6.00000000001000361E-006	-1.20000000000002985E-005
-0.93884499999999971	2.37910379060051608E-019
-1.10000000000305471E-005	3.00000000000045451E-006
1.19999999999801492E-005	3.00000000000024826E-006
1.1260590000000021	1.79994501291538822E-021
-4.99999999967852515E-006	3.99999999999894187E-006
-9.99999999767990219E-007	-1.30000000000038972E-005
-1.92909999999999991E-002	1.00000000000146215E-006
3.99999999999838876E-006	5.33000000000000162E-004
5.11999999999998784E-004	9.00000000000111662E-006
-2.19689999999999989E-002	9.99999999992776246E-007
-1.00000000000799616E-006	-2.10000000000001682E-005
-3.49999999999991770E-005	-9.00000000000302075E-006
-9.75599999999998864E-003	-6.00000000000181450E-006
7.99999999999946262E-006	1.41999999999999928E-004
1.36000000000000920E-004	-1.70000000000020497E-005
-0.12295299999999997	-1.29999999999994673E-005
-6.99999999999548352E-006	3.99999999999965508E-006
1.00000000000109580E-006	-1.00000000000034406E-006
-6.16800000000000334E-003	9.00000000000053386E-006
0.0000000000000000	0.0000000000000000
4.00000000000003285E-006	-6.00000000000076756E-006
-1.09999999999667181E-005	1.59999999999991963E-005
0.19590499999999972	1.09999999999983124E-005
-1.49999999999960566E-005	1.41419999999999966E-002
-1.10000000002895901E-005	1.69999999999988072E-005
1.1288830000000023	2.00000000000266383E-006
-8.99999999981023435E-006	1.44579999999999830E-002
-9.00000000000517052E-006	1.30000000000000416E-005
0.16321400000000008	8.99999999999961737E-006
-4.99999999997402953E-006	7.10900000000000247E-003
-1.09999999999845837E-005	-3.00000000000036430E-006
-0.79526000000000041	-2.14934610365778711E-020
3.00000000002437853E-006	0.13266500000000012
-1.20000000002165544E-005	-9.99999999998882507E-007
0.42594299999999941	9.00000000000001378E-006
-7.00000000013225477E-006	5.71199999999999312E-003
-1.80000000000002478E-005	-1.92939999999999987E-002
5.37000000000001886E-004	-5.00000000000336313E-006
9.16913165402780117E-020	-5.32999999999996259E-004
-2.00000000000056327E-005	-2.19720000000000054E-002
-2.99999999999975444E-005	-1.00000000000025639E-005
3.99999999999974910E-006	3.70000000000033388E-005
-1.69999999999976959E-005	-9.76999999999999917E-003
1.54000000000000436E-004	-6.99999999999956537E-006
1.19999999999996801E-005	-1.48999999999999881E-004
-1.50000000000002257E-005	-0.12297700000000009
-4.99999999999878915E-006	-6.00000000000034320E-006
6.99999999999953403E-006	1.00000000000008902E-005
-1.20000000000009439E-005	-6.16399999999999414E-003
-4.00000000000003285E-006	5.00000000000077036E-006
0.0000000000000000	0.0000000000000000
1.79999999999886163E-005	-3.09999999999989714E-005
2.09999999999953537E-005	-1.41510000000000073E-002
0.19590699999999989	1.70000000000011383E-005
6.99999999991055830E-006	-1.50000000000035190E-005
-2.99999999993907765E-006	-1.44539999999999842E-002
1.1288730000000009	9.99999999990542197E-007
-4.00000000000878101E-006	-2.09999999999966141E-005
1.99999999996724430E-006	-7.09900000000000028E-003
0.16322000000000023	2.99999999999997551E-006
1.19999999999707658E-005	-3.00000000000075986E-006
3.00000000004119637E-006	-0.13266500000000012
-0.79522799999999982	6.14098886759367746E-021
1.19999999999666221E-005	-3.99999999999560457E-006
1.79999999999069251E-005	-5.70799999999999953E-003
0.42594399999999999	1.40000000000000049E-005
-1.09999999999997066E-005	-1.79999999999962024E-005
-3.41790000000000219E-002	1.90000000000018781E-005
1.39999999999974909E-005	-3.41769999999999782E-002
1.69999999999967608E-005	-1.00000000000034821E-005
-2.00000000000043723E-005	9.99999999999935538E-006
-9.00000000000038478E-006	4.99999999999962687E-006
-9.99999999999901911E-007	-3.99999999999885971E-006
7.28400000000000141E-003	-6.99999999999880812E-006
1.20000000000004238E-005	7.29000000000000568E-003
0.0000000000000000	0.0000000000000000
6.16000000000000228E-003	-2.99999999999989504E-006
-1.00000000000053634E-006	6.17599999999999486E-003
2.99999999999634894E-006	-2.00000000000248892E-006
0.12295299999999997	1.29999999999994673E-005
1.50000000000002257E-005	0.12297700000000009
0.98949400000000010	-4.00000000000009045E-006
-1.20000000001512550E-005	-1.09999999999990815E-005
2.40000000003069891E-005	-8.99999999999911084E-006
0.22396099999999991	9.99999999999965353E-006
-1.19999999999276840E-005	-2.50000000000096303E-005
2.29999999999613855E-005	2.40000000000070005E-005
-0.19126399999999999	9.00000000000020352E-006
-8.99999999999394055E-006	-2.99999999999909629E-006
1.40000000000172674E-005	-2.99999999999961086E-006
1.1260590000000013	-2.43521972335611347E-021
-1.20000000002416097E-005	9.99999999998918929E-007
1.19999999999290410E-005	3.99999999999493964E-006
-0.93883500000000042	-7.19978005166155288E-020
4.99999999997775309E-006	5.99999999999917684E-006
4.99999999997721692E-006	-5.99999999999949447E-006
-2.19520000000000097E-002	-1.60000000000040921E-005
8.99999999999886351E-006	-2.30000000000005048E-005
-2.79999999999995591E-005	1.39999999999946516E-005
-1.92939999999999744E-002	-2.30000000000005794E-005
-8.00000000000045534E-006	5.30000000000000306E-004
5.45999999999998635E-004	-2.99999999999606434E-006
-9.75800000000000625E-003	9.40100692333866589E-019
4.99999999999923808E-006	1.34999999999999487E-004
1.47000000000001703E-004	-2.99999999999849829E-006
-6.16100000000000328E-003	2.99999999999989504E-006
0.0000000000000000	0.0000000000000000
7.00000000000080204E-006	2.00000000000175369E-006
-0.12296500000000012	3.99999999999992867E-006
6.99999999999548352E-006	-3.99999999999965508E-006
5.99999999999892527E-006	6.00000000000034320E-006
6.00000000017232223E-006	-2.99999999999741324E-006
1.1288740000000008	3.99999999999833625E-006
9.99999999969365611E-006	1.44580000000000038E-002
-1.00000000001084388E-006	-2.00000000000117474E-006
0.19590799999999989	-1.29999999999990725E-005
1.09999999999998083E-005	1.41460000000000058E-002
-1.99999999999513328E-006	-1.99999999999953023E-006
0.16321199999999988	5.99999999999976298E-006
1.00000000002991144E-006	7.10600000000000207E-003
-4.99999999970661615E-006	-3.99999999999878348E-006
0.42594299999999974	-9.00000000000000192E-006
1.79999999998946465E-005	5.70799999999999780E-003
4.99999999996507470E-006	-5.99999999999921495E-006
-0.79525399999999946	1.30760711232382615E-019
-1.09999999999580801E-005	0.13267100000000015
1.99999999999265486E-006	-2.19730000000000203E-002
-3.39999999999960831E-005	5.00000000000273378E-006
-7.99999999999942874E-006	3.30000000000043326E-005
-1.00000000000083365E-006	-1.92939999999999882E-002
5.35000000000001512E-004	4.99999999999886962E-006
-8.99999999999981219E-006	-5.31999999999998511E-004
1.40000000000007418E-005	-9.76100000000000925E-003
1.45000000000000597E-004	6.00000000000013652E-006
5.99999999999995272E-006	-1.46000000000000188E-004
1.00000000000053634E-006	-6.17499999999999560E-003
-7.00000000000080204E-006	-2.00000000000175369E-006
0.0000000000000000	0.0000000000000000
3.00000000000017287E-006	-0.12296800000000002
-1.00000000000109580E-006	1.00000000000034406E-006
-6.99999999999953403E-006	-1.20000000000009524E-005
1.29999999997238682E-005	1.70000000000003556E-005
-6.00000000014476486E-006	-1.44700000000000106E-002
1.1288660000000015	-2.00000000000404873E-006
6.00000000000713556E-006	2.60000000000000187E-005
-1.80000000000011897E-005	-1.41430000000000063E-002
0.19591799999999993	-1.29999999999992572E-005
1.40000000000095018E-005	7.99999999999943043E-006
-9.00000000001491309E-006	-7.12100000000000146E-003
0.16321899999999998	-1.19999999999992702E-005
-9.99999999773315939E-007	1.30000000000045630E-005
-7.00000000012195316E-006	-5.71199999999999573E-003
0.42594399999999960	-1.40000000000000032E-005
4.99999999996364745E-006	5.99999999999968167E-006
-1.09999999999626032E-005	-0.13267099999999993
-0.79522899999999919	-7.96210970419042319E-020